values of n used in timing: 500,1000,2000,3000,4000,5000,6000,8000,10000 

1 core:
nuc_norm, q=0: 4.77e-02 1.10e-01 6.81e-01 2.08e+00 4.80e+00 8.65e+00 1.50e+01 3.46e+01 6.61e+01 
SVD times: 3.22e-02 2.84e-01 3.99e+00 1.66e+01 4.01e+01 7.34e+01 1.29e+02 3.14e+02 6.43e+02 
nuc_norm, q=1: 2.82e-02 1.30e-01 8.65e-01 2.76e+00 6.32e+00 1.19e+01 2.07e+01 4.83e+01 9.32e+01 
nuc_norm, q=2: 3.16e-02 1.57e-01 1.08e+00 3.49e+00 8.01e+00 1.52e+01 2.64e+01 6.20e+01 1.20e+02 
rand_utv, q=0: 2.67e-02 1.22e-01 7.94e-01 2.44e+00 5.52e+00 1.03e+01 1.79e+01 4.14e+01 7.96e+01 
rand_utv, q=1: 3.10e-02 1.51e-01 9.95e-01 3.19e+00 7.23e+00 1.36e+01 2.36e+01 5.51e+01 1.06e+02 
rand_utv, q=2: 3.63e-02 1.75e-01 1.21e+00 3.90e+00 9.11e+00 1.78e+01 3.02e+01 7.14e+01 1.40e+02

8 cores:
nuc_norm, q=0: 4.24e-02 6.87e-02 3.38e-01 1.21e+00 1.95e+00 3.85e+00 5.95e+00 1.28e+01 2.38e+01 
SVD times: 3.72e-02 2.45e-01 3.65e+00 1.48e+01 3.98e+01 7.64e+01 1.31e+02 3.09e+02 5.98e+02 
nuc_norm, q=1: 3.42e-02 7.91e-02 4.06e-01 1.15e+00 2.51e+00 4.48e+00 7.66e+00 1.71e+01 3.35e+01 
nuc_norm, q=2: 3.32e-02 8.88e-02 4.75e-01 1.38e+00 3.04e+00 5.53e+00 9.45e+00 2.13e+01 4.07e+01 
rand_utv, q=0: 4.65e-02 9.99e-02 5.36e-01 1.52e+00 2.82e+00 4.13e+00 6.99e+00 1.54e+01 2.94e+01 
rand_utv, q=1: 3.00e-02 9.02e-02 4.65e-01 1.32e+00 2.88e+00 5.17e+00 8.81e+00 1.97e+01 3.80e+01 
rand_utv, q=2: 4.19e-02 1.38e-01 7.98e-01 1.60e+00 3.43e+00 6.26e+00 1.07e+01 2.39e+01 4.67e+01 
